-4.260913261494513882e-01
-4.503823680218351222e-01
-4.106049439701239812e-01
-4.676411611307939586e-01
-4.040902021883369666e-01
-5.143752309746232321e-01
-5.492765278167562881e-01
-4.911505116609197752e-01
-5.821830045140959919e-01
-5.335777187581279835e-01
-4.774340403607130745e-01
-4.840328484902815531e-01
-4.653075914073377395e-01
-5.230006373173825551e-01
-4.504502744049047602e-01
-5.217627058012994645e-01
-5.887751068060810278e-01
-4.578730268958486893e-01
-5.588995129543991025e-01
-4.227400957122001146e-01
-4.186137747742432746e-01
-5.199857161819950724e-01
-4.781985069673569400e-01
-4.426215965375198125e-01
-5.715858073225351665e-01
-4.392239967629738007e-01
-4.335292846435523928e-01
-5.848850267778687995e-01
-4.195410706652865085e-01
-5.295263438236860187e-01
-4.593502412729187356e-01
-4.512777857818225935e-01
-4.649804695608610872e-01
-5.045627542727922910e-01
-4.370610919867614075e-01
-5.607231040977890268e-01
-5.614156165469067483e-01
-4.489269954541449947e-01
-5.132617785247111097e-01
-4.247334247837197263e-01
-5.439292691584408646e-01
-5.808649371133182138e-01
-5.522774714631112358e-01
-5.951103690121603007e-01
-4.752298855009004508e-01
-5.924486715840561191e-01
-5.000528932092881407e-01
-4.270343535941152902e-01
-5.735173968396903854e-01
-5.704720270640090130e-01
-4.423097753513753339e-01
-5.762986124347816430e-01
-5.518944159309521202e-01
-4.635178365909565223e-01
-4.862295581636003061e-01
-5.716731772684445767e-01
-4.007873276545679819e-01
-4.103728385077903273e-01
-4.163328036878249372e-01
-5.423497598882057735e-01
-4.420237869082278004e-01
-3.995107794286509306e-01
-4.675693205689493426e-01
-4.476971899372457764e-01
-5.320101169284828790e-01
-5.364517702300420909e-01
-5.552925951855344211e-01
-5.682802112647854509e-01
-5.189845148132190555e-01
-5.823905341458622820e-01
-5.048808234201135337e-01
-5.744217423132368383e-01
-4.294101159641280918e-01
-4.043040810603701352e-01
-4.127689134776730273e-01
-5.841418329807145371e-01
-4.057882664061027156e-01
-4.280978378128223460e-01
-5.107187246301535533e-01
-5.844305240145281077e-01
-4.235878990788515819e-01
-5.447827901936744821e-01
-4.819214382355220816e-01
-4.560902243798398703e-01
-5.130771435224978916e-01
-5.002466026160431456e-01
-5.874087227059300309e-01
-4.161557862155073617e-01
-4.944130707376268585e-01
-5.500955817134595138e-01
-5.133428788764409223e-01
-4.987948304450548487e-01
-4.396728917431826367e-01
-4.466093108812272949e-01
-4.453741445362007778e-01
-5.972856641979286119e-01
-5.232731672839217030e-01
-5.033912306354433319e-01
-4.381535877161596981e-01
-4.400395813486697727e-01
-5.116735120990308916e-01
-5.111631599286474703e-01
-4.259661567827360273e-01
-4.299625486240883920e-01
-5.442295035376755186e-01
-5.927581125053890121e-01
-5.463300452982197131e-01
-4.853911319472378749e-01
-5.620166318563996066e-01
-4.732063906338315751e-01
-4.892751209993391748e-01
-5.309744310782048560e-01
-4.856042722466094586e-01
-5.286403114950029014e-01
-5.790471151045465392e-01
-5.596987576078044091e-01
-4.784583225635026804e-01
-5.028474950685241085e-01
-5.401857405498041720e-01
-4.607567204785936732e-01
-5.549715279259636036e-01
-4.292500113435698261e-01
-5.005319400157695053e-01
-4.675925958509746239e-01
-5.191114516786403676e-01
-5.061714328172898236e-01
-5.482414576073803003e-01
-5.971933540152462028e-01
-4.201674087922461776e-01
-5.808825658021224969e-01
-4.910362098315472212e-01
-4.577890925765583652e-01
-5.905118379530026607e-01
-4.044523704872723946e-01
-5.428914652505295591e-01
-4.143903918216911841e-01
-5.398964717651727474e-01
-5.335188826959277320e-01
-4.051320475790788911e-01
-4.237963167155177069e-01
-5.921838950627608122e-01
-4.561498987602970456e-01
-5.287856631082218373e-01
-4.528401670136766310e-01
-4.752388170364080788e-01
-5.424296448512374580e-01
-5.597209053641373222e-01
-4.103011353720316667e-01
-4.381772253661964656e-01
-5.086761800597781047e-01
-4.540135842567949997e-01
-5.549318983926995186e-01
-5.523195688472520848e-01
-5.646694445389878192e-01
-5.193571068868474416e-01
-5.414339259204833388e-01
-5.355030692881744825e-01
-4.776251863634887740e-01
-5.891540523737180957e-01
-5.669537946716695087e-01
-4.608497859493257409e-01
-4.461493743216491947e-01
-5.594705850283686610e-01
-4.086661736695199054e-01
-5.031005077581626184e-01
-5.380470197796335396e-01
-5.232789349917039701e-01
-3.990283684585996249e-01
-5.250239095771364051e-01
-4.110605180535812919e-01
-3.989203070660079509e-01
-5.767176409375566193e-01
-5.525983377404736219e-01
-5.680086333624535522e-01
-4.928092777567114058e-01
-5.490991186173618255e-01
-4.206037465849127854e-01
-4.919900460020610322e-01
-5.868955878610969679e-01
-5.173657011861111377e-01
-4.249282464155367811e-01
-5.263481055208446557e-01
-5.395899862055629770e-01
-4.719398172849191275e-01
-5.816652274408929957e-01
-5.330297885319373874e-01
-5.739112158173867995e-01
-4.933195885363576561e-01
-5.792309571217938435e-01
-5.405263699734138561e-01
-4.311885915965040783e-01
-4.800010376155242064e-01
-5.437450556890540687e-01
-5.091482710913460830e-01
-5.924431966478996836e-01
-5.548586940486815999e-01
-4.628986610945493019e-01
-5.621738762957241287e-01
-4.305110922483237901e-01
-5.620776769320453559e-01
